0.000000000000000000e+00 0.000000000000000000e+00
1.000000000000000000e+00 1.173945810973465156e-05
2.000000000000000000e+00 2.447619401244531089e-05
3.000000000000000000e+00 3.793556094857247909e-05
4.000000000000000000e+00 5.178948887823808480e-05
5.000000000000000000e+00 6.566063028982599219e-05
6.000000000000000000e+00 7.912851007462308808e-05
7.000000000000000000e+00 9.173770876052530577e-05
8.000000000000000000e+00 1.030080471081497247e-04
9.000000000000000000e+00 1.124466730777017151e-04
1.000000000000000000e+01 1.195618810112686071e-04
1.100000000000000000e+01 1.238784193814120667e-04
1.200000000000000000e+01 1.249539697458300726e-04
1.300000000000000000e+01 1.223964079669526313e-04
1.400000000000000000e+01 1.158813918350935844e-04
1.500000000000000000e+01 1.051697596246471830e-04
1.600000000000000000e+01 9.012417451135098731e-05
1.700000000000000000e+01 7.072441284450770775e-05
1.800000000000000000e+01 4.708067253338495605e-05
1.900000000000000000e+01 1.944427358044760503e-05
2.000000000000000000e+01 -1.178486193785993063e-05
2.100000000000000000e+01 -4.605452681340445385e-05
2.200000000000000000e+01 -8.266086050244090698e-05
2.300000000000000000e+01 -1.207537327075562363e-04
2.400000000000000000e+01 -1.593472123529684115e-04
2.500000000000000000e+01 -1.973353308858778136e-04
2.600000000000000000e+01 -2.335132045753349694e-04
2.700000000000000000e+01 -2.666034192078236957e-04
2.800000000000000000e+01 -2.952874056822444508e-04
2.900000000000000000e+01 -3.182413506574643058e-04
3.000000000000000000e+01 -3.341759975035488682e-04
3.100000000000000000e+01 -3.418795048983074188e-04
3.200000000000000000e+01 -3.402623495694960466e-04
3.300000000000000000e+01 -3.284030923730367436e-04
3.400000000000000000e+01 -3.055936797999045731e-04
3.500000000000000000e+01 -2.713828328236044299e-04
3.600000000000000000e+01 -2.256159882511183095e-04
3.700000000000000000e+01 -1.684702105184337042e-04
3.800000000000000000e+01 -1.004824896158688355e-04
3.900000000000000000e+01 -2.256988807978960851e-05
4.000000000000000000e+01 6.395989984417356858e-05
4.100000000000000000e+01 1.574088586182940529e-04
4.200000000000000000e+01 2.557009025380655321e-04
4.300000000000000000e+01 3.564068737998900586e-04
4.400000000000000000e+01 4.567827776403121480e-04
4.500000000000000000e+01 5.538213823442725845e-04
4.600000000000000000e+01 6.443169102990836455e-04
4.700000000000000000e+01 7.249421142168909491e-04
4.800000000000000000e+01 7.923365808353239953e-04
4.900000000000000000e+01 8.432046451578704450e-04
5.000000000000000000e+01 8.744208453488798655e-04
5.100000000000000000e+01 8.831404165964855304e-04
5.200000000000000000e+01 8.669119271808446280e-04
5.300000000000000000e+01 8.237888175239503315e-04
5.400000000000000000e+01 7.524363288699764890e-04
5.500000000000000000e+01 6.522301174829247096e-04
5.600000000000000000e+01 5.233427566511409312e-04
5.700000000000000000e+01 3.668143443698722197e-04
5.800000000000000000e+01 1.846035690133112760e-04
5.900000000000000000e+01 -2.038415457153161658e-05
6.000000000000000000e+01 -2.442944768307956488e-04
6.100000000000000000e+01 -4.823503132300783103e-04
6.200000000000000000e+01 -7.289082893229416977e-04
6.300000000000000000e+01 -9.775465099669592133e-04
6.400000000000000000e+01 -1.221183870174683645e-03
6.500000000000000000e+01 -1.452230178565503847e-03
6.600000000000000000e+01 -1.662765354459963194e-03
6.700000000000000000e+01 -1.844744912084270248e-03
6.800000000000000000e+01 -1.990227889372787017e-03
6.900000000000000000e+01 -2.091622346587164796e-03
7.000000000000000000e+01 -2.141942585640992710e-03
7.100000000000000000e+01 -2.135071360071188248e-03
7.200000000000000000e+01 -2.066019593675116547e-03
7.300000000000000000e+01 -1.931175537669662734e-03
7.400000000000000000e+01 -1.728534904472833105e-03
7.500000000000000000e+01 -1.457903350209217288e-03
7.600000000000000000e+01 -1.121062762634810481e-03
7.700000000000000000e+01 -7.218931655174764964e-04
7.800000000000000000e+01 -2.664426869710557057e-04
7.900000000000000000e+01 2.370610375503661631e-04
8.000000000000000000e+01 7.782634508674033747e-04
8.100000000000000000e+01 1.344803595821137104e-03
8.200000000000000000e+01 1.922504797817374024e-03
8.300000000000000000e+01 2.495635795112661429e-03
8.400000000000000000e+01 3.047240492840133392e-03
8.500000000000000000e+01 3.559532283150990736e-03
8.600000000000000000e+01 4.014346576140570381e-03
8.700000000000000000e+01 4.393642889908508549e-03
8.800000000000000000e+01 4.680045624036190642e-03
8.900000000000000000e+01 4.857410563435614510e-03
9.000000000000000000e+01 4.911402304995417419e-03
9.100000000000000000e+01 4.830066243112676738e-03
9.200000000000000000e+01 4.604377564354781432e-03
9.300000000000000000e+01 4.228748952843506409e-03
9.400000000000000000e+01 3.701478455050742980e-03
9.500000000000000000e+01 3.025119243471317051e-03
9.600000000000000000e+01 2.206753888042714985e-03
9.700000000000000000e+01 1.258157212056310644e-03
9.800000000000000000e+01 1.958338785625423446e-04
9.900000000000000000e+01 -9.590804915382940754e-04
1.000000000000000000e+02 -2.181062662187160679e-03
1.010000000000000000e+02 -3.440593875163767881e-03
1.020000000000000000e+02 -4.704700857531216203e-03
1.030000000000000000e+02 -5.937641452842419391e-03
1.040000000000000000e+02 -7.101725911555029080e-03
1.050000000000000000e+02 -8.158260108907102598e-03
1.060000000000000000e+02 -9.068592236285217406e-03
1.070000000000000000e+02 -9.795239982421030667e-03
1.080000000000000000e+02 -1.030307103650805224e-02
1.090000000000000000e+02 -1.056050606049719308e-02
1.100000000000000000e+02 -1.054071024270269823e-02
1.110000000000000000e+02 -1.022273730111904026e-02
1.120000000000000000e+02 -9.592588480560474209e-03
1.130000000000000000e+02 -8.644148792301496048e-03
1.140000000000000000e+02 -7.379963564321471298e-03
1.150000000000000000e+02 -5.811820362736043119e-03
1.160000000000000000e+02 -3.961104537064781550e-03
1.170000000000000000e+02 -1.858901025362039335e-03
1.180000000000000000e+02 4.541794154498848650e-04
1.190000000000000000e+02 2.928464797243258370e-03
1.200000000000000000e+02 5.505985018301149357e-03
1.210000000000000000e+02 8.121532911822708367e-03
1.220000000000000000e+02 1.070401373080713189e-02
1.230000000000000000e+02 1.317806432218368400e-02
1.240000000000000000e+02 1.546591388764641771e-02
1.250000000000000000e+02 1.748944904608010914e-02
1.260000000000000000e+02 1.917243719259017695e-02
1.270000000000000000e+02 2.044285418815479372e-02
1.280000000000000000e+02 2.123525550562258349e-02
1.290000000000000000e+02 2.149312438444641801e-02
1.300000000000000000e+02 2.117112656939368689e-02
1.310000000000000000e+02 2.023719905820034470e-02
1.320000000000000000e+02 1.867440015073317666e-02
1.330000000000000000e+02 1.648245012038841717e-02
1.340000000000000000e+02 1.367889610393318439e-02
1.350000000000000000e+02 1.029984135312265840e-02
1.360000000000000000e+02 6.400187767172310811e-03
1.370000000000000000e+02 2.053351515935416052e-03
1.380000000000000000e+02 -2.649575615966141308e-03
1.390000000000000000e+02 -7.601232040078237905e-03
1.400000000000000000e+02 -1.267995636310941324e-02
1.410000000000000000e+02 -1.775230180097334479e-02
1.420000000000000000e+02 -2.267605790677119232e-02
1.430000000000000000e+02 -2.730372514692353328e-02
1.440000000000000000e+02 -3.148637097660571954e-02
1.450000000000000000e+02 -3.507778020137913844e-02
1.460000000000000000e+02 -3.793879810742933206e-02
1.470000000000000000e+02 -3.994175262661031622e-02
1.480000000000000000e+02 -4.097483217366167108e-02
1.490000000000000000e+02 -4.094628920414562778e-02
1.500000000000000000e+02 -3.978833638227904923e-02
1.510000000000000000e+02 -3.746060282832581328e-02
1.520000000000000000e+02 -3.395302245256959228e-02
1.530000000000000000e+02 -2.928803498830413743e-02
1.540000000000000000e+02 -2.352199300522539796e-02
1.550000000000000000e+02 -1.674568478986216205e-02
1.560000000000000000e+02 -9.083903267683334642e-03
1.570000000000000000e+02 -6.940147324212899175e-04
1.580000000000000000e+02 8.236492460305127120e-03
1.590000000000000000e+02 1.749347050255754821e-02
1.600000000000000000e+02 2.684054727442606800e-02
1.610000000000000000e+02 3.602446454471245479e-02
1.620000000000000000e+02 4.478121927928330193e-02
1.630000000000000000e+02 5.284287875708784665e-02
1.640000000000000000e+02 5.994491292033673341e-02
1.650000000000000000e+02 6.583386311725970830e-02
1.660000000000000000e+02 7.027514602876210048e-02
1.670000000000000000e+02 7.306077593454000929e-02
1.680000000000000000e+02 7.401677830609139364e-02
1.690000000000000000e+02 7.301006362817967499e-02
1.700000000000000000e+02 6.995453281410354829e-02
1.710000000000000000e+02 6.481619489144020696e-02
1.720000000000000000e+02 5.761709390349741000e-02
1.730000000000000000e+02 4.843786510536516460e-02
1.740000000000000000e+02 3.741877022972180111e-02
1.750000000000000000e+02 2.475909734114650762e-02
1.760000000000000000e+02 1.071485186445195886e-02
1.770000000000000000e+02 -4.405289160176338072e-03
1.780000000000000000e+02 -2.024573877871614636e-02
1.790000000000000000e+02 -3.641140616680864361e-02
1.800000000000000000e+02 -5.247662395823776693e-02
1.810000000000000000e+02 -6.799542319881041186e-02
1.820000000000000000e+02 -8.251293404058471226e-02
1.830000000000000000e+02 -9.557764599072975098e-02
1.840000000000000000e+02 -1.067542226654105975e-01
1.850000000000000000e+02 -1.156365340008941311e-01
1.860000000000000000e+02 -1.218605450402321239e-01
1.870000000000000000e+02 -1.251166858671098059e-01
1.880000000000000000e+02 -1.251613229028257224e-01
1.890000000000000000e+02 -1.218269582650968741e-01
1.900000000000000000e+02 -1.150308015664320699e-01
1.910000000000000000e+02 -1.047813874486836078e-01
1.920000000000000000e+02 -9.118295202112562670e-02
1.930000000000000000e+02 -7.443733156485270175e-02
1.940000000000000000e+02 -5.484320642216652941e-02
1.950000000000000000e+02 -3.279258061687589931e-02
1.960000000000000000e+02 -8.764461859186972736e-03
1.970000000000000000e+02 1.668421468276066327e-02
1.980000000000000000e+02 4.293029419959502879e-02
1.990000000000000000e+02 6.929853546333142322e-02
2.000000000000000000e+02 9.507788383803510157e-02
2.010000000000000000e+02 1.195395235522146576e-01
2.020000000000000000e+02 1.419562807303620389e-01
2.030000000000000000e+02 1.616228899488324489e-01
2.040000000000000000e+02 1.778765897384166905e-01
2.050000000000000000e+02 1.901174784098954296e-01
2.060000000000000000e+02 1.978280424309011576e-01
2.070000000000000000e+02 2.005912665668178330e-01
2.080000000000000000e+02 1.981067489285864569e-01
2.090000000000000000e+02 1.902042752961280447e-01
2.100000000000000000e+02 1.768543554630130354e-01
2.110000000000000000e+02 1.581752892194971116e-01
2.120000000000000000e+02 1.344364097858405660e-01
2.130000000000000000e+02 1.060572463526762155e-01
2.140000000000000000e+02 7.360245273264220955e-02
2.150000000000000000e+02 3.777246340012794384e-02
2.160000000000000000e+02 -6.100415560350249582e-04
2.170000000000000000e+02 -4.061765806798444539e-02
2.180000000000000000e+02 -8.123943957896388735e-02
2.190000000000000000e+02 -1.214052937471728488e-01
2.200000000000000000e+02 -1.600130397499200385e-01
2.210000000000000000e+02 -1.959574730594242087e-01
2.220000000000000000e+02 -2.281607008326719255e-01
2.230000000000000000e+02 -2.556029451432917377e-01
2.240000000000000000e+02 -2.773529658105866047e-01
2.250000000000000000e+02 -2.925972316804315021e-01
2.260000000000000000e+02 -3.006669704379375530e-01
2.270000000000000000e+02 -3.010622532885377511e-01
2.280000000000000000e+02 -2.934723223402950776e-01
2.290000000000000000e+02 -2.777914447318061142e-01
2.300000000000000000e+02 -2.541296772094505108e-01
2.310000000000000000e+02 -2.228180459628942289e-01
2.320000000000000000e+02 -1.844077863738430301e-01
2.330000000000000000e+02 -1.396634425666704316e-01
2.340000000000000000e+02 -8.954979334335527730e-02
2.350000000000000000e+02 -3.521274483351204132e-02
2.360000000000000000e+02 2.204549377821075906e-02
2.370000000000000000e+02 8.079646178033325632e-02
2.380000000000000000e+02 1.395200705810299147e-01
2.390000000000000000e+02 1.966429917600350519e-01
2.400000000000000000e+02 2.505798669918988253e-01
2.410000000000000000e+02 2.997762847508382289e-01
2.420000000000000000e+02 3.427523824325423574e-01
2.430000000000000000e+02 3.781458759209054277e-01
2.440000000000000000e+02 4.047532943225062851e-01
2.450000000000000000e+02 4.215682073710186883e-01
2.460000000000000000e+02 4.278152777147082864e-01
2.470000000000000000e+02 4.229790498008172417e-01
2.480000000000000000e+02 4.068265002005099218e-01
2.490000000000000000e+02 3.794225188006685734e-01
2.500000000000000000e+02 3.411376631625325784e-01
2.510000000000000000e+02 2.926477254271968587e-01
2.520000000000000000e+02 2.349248675178469692e-01
2.530000000000000000e+02 1.692203104180466100e-01
2.540000000000000000e+02 9.703880079506717327e-02
2.550000000000000000e+02 2.010531658176037059e-02
2.560000000000000000e+02 -5.967529449777467937e-02
2.570000000000000000e+02 -1.402648299331102355e-01
2.580000000000000000e+02 -2.195432874148662561e-01
2.590000000000000000e+02 -2.953641720679168747e-01
2.600000000000000000e+02 -3.656121255866845443e-01
2.610000000000000000e+02 -4.282613408985055381e-01
2.620000000000000000e+02 -4.814331606034708555e-01
2.630000000000000000e+02 -5.234512357239846647e-01
2.640000000000000000e+02 -5.528926450729363395e-01
2.650000000000000000e+02 -5.686334453743795425e-01
2.660000000000000000e+02 -5.698872373855199402e-01
2.670000000000000000e+02 -5.562354915810763245e-01
2.680000000000000000e+02 -5.276485750727194501e-01
2.690000000000000000e+02 -4.844966547080677421e-01
2.700000000000000000e+02 -4.275499139493168510e-01
2.710000000000000000e+02 -3.579678063975380575e-01
2.720000000000000000e+02 -2.772773691065467117e-01
2.730000000000000000e+02 -1.873409258993322113e-01
2.740000000000000000e+02 -9.031381614041243677e-02
2.750000000000000000e+02 1.140692094562856598e-02
2.760000000000000000e+02 1.152417009657821373e-01
2.770000000000000000e+02 2.184939348732428677e-01
2.780000000000000000e+02 3.184202897092801576e-01
2.790000000000000000e+02 4.123038337837111600e-01
2.800000000000000000e+02 4.975281083486891576e-01
2.810000000000000000e+02 5.716500982626585570e-01
2.820000000000000000e+02 6.324700603302904067e-01
2.830000000000000000e+02 6.780962115465881679e-01
2.840000000000000000e+02 7.070023803581680921e-01
2.850000000000000000e+02 7.180768806161483830e-01
2.860000000000000000e+02 7.106610768284491453e-01
2.870000000000000000e+02 6.845763657425526505e-01
2.880000000000000000e+02 6.401385968533915838e-01
2.890000000000000000e+02 5.781592854738920595e-01
2.900000000000000000e+02 4.999333277518419605e-01
2.910000000000000000e+02 4.072132978085590826e-01
2.920000000000000000e+02 3.021707827382055234e-01
2.930000000000000000e+02 1.873455809360699276e-01
2.940000000000000000e+02 6.558394248773356805e-02
2.950000000000000000e+02 -6.003264320467433662e-02
2.960000000000000000e+02 -1.862663175229740953e-01
2.970000000000000000e+02 -3.098073410356257940e-01
2.980000000000000000e+02 -4.273619695922680206e-01
2.990000000000000000e+02 -5.357413558527066577e-01
3.000000000000000000e+02 -6.319490466130335271e-01
3.010000000000000000e+02 -7.132646461413825190e-01
3.020000000000000000e+02 -7.773212838923486689e-01
3.030000000000000000e+02 -8.221746605677315856e-01
3.040000000000000000e+02 -8.463616467160227641e-01
3.050000000000000000e+02 -8.489466682027795308e-01
3.060000000000000000e+02 -8.295544264370531273e-01
3.070000000000000000e+02 -7.883878600783241763e-01
3.080000000000000000e+02 -7.262306495317286670e-01
3.090000000000000000e+02 -6.444339851670564112e-01
3.100000000000000000e+02 -5.448877533057435718e-01
3.110000000000000000e+02 -4.299767285056528832e-01
3.120000000000000000e+02 -3.025227842347988916e-01
3.130000000000000000e+02 -1.657145345178786811e-01
3.140000000000000000e+02 -2.302618492783752371e-02
3.150000000000000000e+02 1.218723084023889680e-01
3.160000000000000000e+02 2.652114078641959471e-01
3.170000000000000000e+02 4.032219256953443742e-01
3.180000000000000000e+02 5.322360193652839744e-01
3.190000000000000000e+02 6.487864946902137664e-01
3.200000000000000000e+02 7.497016787701720197e-01
3.210000000000000000e+02 8.321932201108458438e-01
3.220000000000000000e+02 8.939343434755213647e-01
3.230000000000000000e+02 9.331263280122215065e-01
3.240000000000000000e+02 9.485512828618188896e-01
3.250000000000000000e+02 9.396096567128557897e-01
3.260000000000000000e+02 9.063413268794481281e-01
3.270000000000000000e+02 8.494295582688180524e-01
3.280000000000000000e+02 7.701875907933963816e-01
3.290000000000000000e+02 6.705280923221248468e-01
3.300000000000000000e+02 5.529161897144164728e-01
3.310000000000000000e+02 4.203072493867547332e-01
3.320000000000000000e+02 2.760710081510883152e-01
3.330000000000000000e+02 1.239040424201057200e-01
3.340000000000000000e+02 -3.226710190364159847e-02
3.350000000000000000e+02 -1.883895252010628907e-01
3.360000000000000000e+02 -3.403915414838684095e-01
3.370000000000000000e+02 -4.842912797321320961e-01
3.380000000000000000e+02 -6.163033589582415095e-01
3.390000000000000000e+02 -7.329407164609433867e-01
3.400000000000000000e+02 -8.311087901170065573e-01
3.410000000000000000e+02 -9.081894555196035057e-01
3.420000000000000000e+02 -9.621123919791380041e-01
3.430000000000000000e+02 -9.914118904176862923e-01
3.440000000000000000e+02 -9.952675116738907146e-01
3.450000000000000000e+02 -9.735274447172456158e-01
3.460000000000000000e+02 -9.267138884473269389e-01
3.470000000000000000e+02 -8.560102748477630419e-01
3.480000000000000000e+02 -7.632306514025254396e-01
3.490000000000000000e+02 -6.507720327905590629e-01
3.500000000000000000e+02 -5.215510020869118524e-01
3.510000000000000000e+02 -3.789262767507262097e-01
3.520000000000000000e+02 -2.266093422969489568e-01
3.530000000000000000e+02 -6.856558579161126099e-02
3.540000000000000000e+02 9.109137710026790624e-02
3.550000000000000000e+02 2.482093012105917873e-01
3.560000000000000000e+02 3.987078504687055491e-01
3.570000000000000000e+02 5.386870662149877420e-01
3.580000000000000000e+02 6.645308160416882881e-01
3.590000000000000000e+02 7.730024165365202427e-01
3.600000000000000000e+02 8.613298436895497900e-01
3.610000000000000000e+02 9.272782365997829235e-01
3.620000000000000000e+02 9.692077551309231653e-01
3.630000000000000000e+02 9.861152601892123615e-01
3.640000000000000000e+02 9.776587347235502490e-01
3.650000000000000000e+02 9.441638416290155655e-01
3.660000000000000000e+02 8.866125079467942482e-01
3.670000000000000000e+02 8.066139191894583504e-01
3.680000000000000000e+02 7.063587893909573090e-01
3.690000000000000000e+02 5.885582281112188285e-01
3.700000000000000000e+02 4.563689424405614203e-01
3.710000000000000000e+02 3.133068785345433094e-01
3.720000000000000000e+02 1.631517133331370495e-01
3.730000000000000000e+02 9.844844613207103315e-03
3.740000000000000000e+02 -1.426163098867453960e-01
3.750000000000000000e+02 -2.902848099595150000e-01
3.760000000000000000e+02 -4.293685900290467039e-01
3.770000000000000000e+02 -5.563299365600175017e-01
3.780000000000000000e+02 -6.679773818786276518e-01
3.790000000000000000e+02 -7.615475786746590536e-01
3.800000000000000000e+02 -8.347750134548512779e-01
3.810000000000000000e+02 -8.859477682945435806e-01
3.820000000000000000e+02 -9.139479380883134274e-01
3.830000000000000000e+02 -9.182757435872377361e-01
3.840000000000000000e+02 -8.990568363882189828e-01
3.850000000000000000e+02 -8.570327577289346133e-01
3.860000000000000000e+02 -7.935349753004238282e-01
3.870000000000000000e+02 -7.104433683941637767e-01
3.880000000000000000e+02 -6.101304492130426027e-01
3.890000000000000000e+02 -4.953929856883919625e-01
3.900000000000000000e+02 -3.693730185004643896e-01
3.910000000000000000e+02 -2.354705335648955566e-01
3.920000000000000000e+02 -9.725025414911399324e-02
3.930000000000000000e+02 4.165485092081900459e-02
3.940000000000000000e+02 1.776406876953692815e-01
3.950000000000000000e+02 3.072271463675965153e-01
3.960000000000000000e+02 4.271486479399863589e-01
3.970000000000000000e+02 5.344377347846495097e-01
3.980000000000000000e+02 6.264995337437041512e-01
3.990000000000000000e+02 7.011751997465307529e-01
4.000000000000000000e+02 7.567927758432168028e-01
4.010000000000000000e+02 7.922042722298956452e-01
4.020000000000000000e+02 8.068081614697928394e-01
4.030000000000000000e+02 8.005568982548636470e-01
4.040000000000000000e+02 7.739494879637729419e-01
4.050000000000000000e+02 7.280095372470873905e-01
4.060000000000000000e+02 6.642496105749368107e-01
4.070000000000000000e+02 5.846230784696312410e-01
4.080000000000000000e+02 4.914649663518694811e-01
4.090000000000000000e+02 3.874235891337247106e-01
4.100000000000000000e+02 2.753849789367246448e-01
4.110000000000000000e+02 1.583922762812506879e-01
4.120000000000000000e+02 3.956235522901131035e-02
4.130000000000000000e+02 -7.799801145600362973e-02
4.140000000000000000e+02 -1.912741698959488090e-01
4.150000000000000000e+02 -2.974215995047653771e-01
4.160000000000000000e+02 -3.938378883628845806e-01
4.170000000000000000e+02 -4.782268373071237311e-01
4.180000000000000000e+02 -5.486531108961605341e-01
4.190000000000000000e+02 -6.035861427612484453e-01
4.200000000000000000e+02 -6.419323222989632427e-01
4.210000000000000000e+02 -6.630548296934749564e-01
4.220000000000000000e+02 -6.667808369592437279e-01
4.230000000000000000e+02 -6.533961440576001589e-01
4.240000000000000000e+02 -6.236276613307951688e-01
4.250000000000000000e+02 -5.786144731446175582e-01
4.260000000000000000e+02 -5.198685140828213092e-01
4.270000000000000000e+02 -4.492261505907006458e-01
4.280000000000000000e+02 -3.687921810681827339e-01
4.290000000000000000e+02 -2.808779408233251784e-01
4.300000000000000000e+02 -1.879353212072843726e-01
4.310000000000000000e+02 -9.248858236263356181e-02
4.320000000000000000e+02 2.934144427175583610e-03
4.330000000000000000e+02 9.586780502675369686e-02
4.340000000000000000e+02 1.839740483811209693e-01
4.350000000000000000e+02 2.650998907831425000e-01
4.360000000000000000e+02 3.373299549180451828e-01
4.370000000000000000e+02 3.990310320148290901e-01
4.380000000000000000e+02 4.488879566557382184e-01
4.390000000000000000e+02 4.859300468870715317e-01
4.400000000000000000e+02 5.095476393410119931e-01
4.410000000000000000e+02 5.194985320280239849e-01
4.420000000000000000e+02 5.159044282407357906e-01
4.430000000000000000e+02 4.992377458393434941e-01
4.440000000000000000e+02 4.702994097652942185e-01
4.450000000000000000e+02 4.301884753321499888e-01
4.460000000000000000e+02 3.802646298979768247e-01
4.470000000000000000e+02 3.221047861515629052e-01
4.480000000000000000e+02 2.574551077652184050e-01
4.490000000000000000e+02 1.881798950763633460e-01
4.500000000000000000e+02 1.162088034695190342e-01
4.510000000000000000e+02 4.348387016957590973e-02
4.520000000000000000e+02 -2.809221265905835485e-02
4.530000000000000000e+02 -9.670521704801515739e-02
4.540000000000000000e+02 -1.606746409299232570e-01
4.550000000000000000e+02 -2.184940057368883193e-01
4.560000000000000000e+02 -2.688652524820232537e-01
4.570000000000000000e+02 -3.107264889391984086e-01
4.580000000000000000e+02 -3.432725453879661437e-01
4.590000000000000000e+02 -3.659680098949788518e-01
4.600000000000000000e+02 -3.785526300328922455e-01
4.610000000000000000e+02 -3.810391801882793139e-01
4.620000000000000000e+02 -3.737040963723873843e-01
4.630000000000000000e+02 -3.570713683633628399e-01
4.640000000000000000e+02 -3.318903473062695952e-01
4.650000000000000000e+02 -2.991082715140635506e-01
4.660000000000000000e+02 -2.598384308847833113e-01
4.670000000000000000e+02 -2.153249786799429077e-01
4.680000000000000000e+02 -1.669054569058834037e-01
4.690000000000000000e+02 -1.159721276317882271e-01
4.700000000000000000e+02 -6.393319759901240629e-02
4.710000000000000000e+02 -1.217498862464342496e-02
4.720000000000000000e+02 3.797395642124858084e-02
4.730000000000000000e+02 8.527593016299170325e-02
4.740000000000000000e+02 1.286134875877881223e-01
4.750000000000000000e+02 1.670145787183381914e-01
4.760000000000000000e+02 1.996728640423316437e-01
4.770000000000000000e+02 2.259628404605279195e-01
4.780000000000000000e+02 2.454495611142696876e-01
4.790000000000000000e+02 2.578928883233942981e-01
4.800000000000000000e+02 2.632463706434690631e-01
4.810000000000000000e+02 2.616509786501400314e-01
4.820000000000000000e+02 2.534240657723216272e-01
4.830000000000000000e+02 2.390440370930989877e-01
4.840000000000000000e+02 2.191313078331924569e-01
4.850000000000000000e+02 1.944262121462810300e-01
4.860000000000000000e+02 1.657645804482537621e-01
4.870000000000000000e+02 1.340517389903873036e-01
4.880000000000000000e+02 1.002356986406226225e-01
4.890000000000000000e+02 6.528029136078619676e-02
4.900000000000000000e+02 3.013898375795539403e-02
4.910000000000000000e+02 -4.269951018943629779e-03
4.920000000000000000e+02 -3.708628676385371942e-02
4.930000000000000000e+02 -6.752818619485798091e-02
4.940000000000000000e+02 -9.490958552288457362e-02
4.950000000000000000e+02 -1.186542752434579379e-01
4.960000000000000000e+02 -1.383064357655428567e-01
4.970000000000000000e+02 -1.535374937435782794e-01
4.980000000000000000e+02 -1.641492714121354224e-01
4.990000000000000000e+02 -1.700735038967142454e-01
5.000000000000000000e+02 -1.713678956790444519e-01
5.010000000000000000e+02 -1.682089747180347816e-01
5.020000000000000000e+02 -1.608820791095558200e-01
5.030000000000000000e+02 -1.497688749479754999e-01
5.040000000000000000e+02 -1.353328539962595778e-01
5.050000000000000000e+02 -1.181032950903376233e-01
5.060000000000000000e+02 -9.865819355580981997e-02
5.070000000000000000e+02 -7.760666839731969469e-02
5.080000000000000000e+02 -5.557134814509329113e-02
5.090000000000000000e+02 -3.317121390423420635e-02
5.100000000000000000e+02 -1.100534358516300909e-02
5.110000000000000000e+02 1.036204397711057955e-02
5.120000000000000000e+02 3.041490052397013283e-02
5.130000000000000000e+02 4.869673223629354675e-02
5.140000000000000000e+02 6.481983891140154219e-02
5.150000000000000000e+02 7.847226050707024891e-02
5.160000000000000000e+02 8.942235302945640563e-02
5.170000000000000000e+02 9.752098449185923890e-02
5.180000000000000000e+02 1.027014073794495219e-01
5.190000000000000000e+02 1.049769250281689797e-01
5.200000000000000000e+02 1.044365240851748838e-01
5.210000000000000000e+02 1.012386925318323611e-01
5.220000000000000000e+02 9.560368165660845796e-02
5.230000000000000000e+02 8.780450018727509187e-02
5.240000000000000000e+02 7.815694914250680136e-02
5.250000000000000000e+02 6.700901674220044457e-02
5.260000000000000000e+02 5.472995409930632438e-02
5.270000000000000000e+02 4.169934483625907518e-02
5.280000000000000000e+02 2.829646589090331621e-02
5.290000000000000000e+02 1.489021346597304424e-02
5.300000000000000000e+02 1.829838365202471860e-03
5.310000000000000000e+02 -1.056329999118497606e-02
5.320000000000000000e+02 -2.200279051863686039e-02
5.330000000000000000e+02 -3.224290966613149040e-02
5.340000000000000000e+02 -4.108295715264938947e-02
5.350000000000000000e+02 -4.837014565562813145e-02
5.360000000000000000e+02 -5.400104387622044894e-02
5.370000000000000000e+02 -5.792161218959451796e-02
5.380000000000000000e+02 -6.012590664697820692e-02
5.390000000000000000e+02 -6.065355957730336062e-02
5.400000000000000000e+02 -5.958617274867869518e-02
5.410000000000000000e+02 -5.704278147446087410e-02
5.420000000000000000e+02 -5.317456484413118911e-02
5.430000000000000000e+02 -4.815898826231589797e-02
5.440000000000000000e+02 -4.219356969996594653e-02
5.450000000000000000e+02 -3.548946067312021974e-02
5.460000000000000000e+02 -2.826502728943258019e-02
5.470000000000000000e+02 -2.073960619537698266e-02
5.480000000000000000e+02 -1.312759548395688210e-02
5.490000000000000000e+02 -5.633022239378967719e-03
5.500000000000000000e+02 1.555292877590130777e-03
5.510000000000000000e+02 8.267876999801471172e-03
5.520000000000000000e+02 1.435798012375631358e-02
5.530000000000000000e+02 1.970413694716634939e-02
5.540000000000000000e+02 2.421189369561750973e-02
5.550000000000000000e+02 2.781470244731527527e-02
5.560000000000000000e+02 3.047400825389352808e-02
5.570000000000000000e+02 3.217857509318414883e-02
5.580000000000000000e+02 3.294311491468994435e-02
5.590000000000000000e+02 3.280629938672827151e-02
5.600000000000000000e+02 3.182824616551937352e-02
5.610000000000000000e+02 3.008758042504730557e-02
5.620000000000000000e+02 2.767817795936959591e-02
5.630000000000000000e+02 2.470569844141651608e-02
5.640000000000000000e+02 2.128401653047713379e-02
5.650000000000000000e+02 1.753165468244700931e-02
5.660000000000000000e+02 1.356831502091829060e-02
5.670000000000000000e+02 9.511598819645169026e-03
5.680000000000000000e+02 5.473991418622392059e-03
5.690000000000000000e+02 1.560178168235228438e-03
5.700000000000000000e+02 -2.135256293440019118e-03
5.710000000000000000e+02 -5.529707035320637933e-03
5.720000000000000000e+02 -8.553981805221263363e-03
5.730000000000000000e+02 -1.115327756496843452e-02
5.740000000000000000e+02 -1.328770345886358915e-02
5.750000000000000000e+02 -1.493236543684163357e-02
5.760000000000000000e+02 -1.607703888349563265e-02
5.770000000000000000e+02 -1.672546527738437427e-02
5.780000000000000000e+02 -1.689431694300863943e-02
5.790000000000000000e+02 -1.661188023996764546e-02
5.800000000000000000e+02 -1.591651199728547766e-02
5.810000000000000000e+02 -1.485492663884053870e-02
5.820000000000000000e+02 -1.348037230377078025e-02
5.830000000000000000e+02 -1.185075343695049695e-02
5.840000000000000000e+02 -1.002675494433707439e-02
5.850000000000000000e+02 -8.070019246642454180e-03
5.860000000000000000e+02 -6.041422620925568192e-03
5.870000000000000000e+02 -3.999491312320443796e-03
5.880000000000000000e+02 -1.998991259035286152e-03
5.890000000000000000e+02 -8.971814005353955011e-05
5.900000000000000000e+02 1.684492938149524969e-03
5.910000000000000000e+02 3.286526225453885713e-03
5.920000000000000000e+02 4.686507938598454513e-03
5.930000000000000000e+02 5.862094929023555986e-03
5.940000000000000000e+02 6.798537972716175298e-03
5.950000000000000000e+02 7.488533898432321936e-03
5.960000000000000000e+02 7.931885627766295174e-03
5.970000000000000000e+02 8.134993181142351204e-03
5.980000000000000000e+02 8.110201756820811791e-03
5.990000000000000000e+02 7.875035094391566459e-03
6.000000000000000000e+02 7.451343497537450504e-03
6.010000000000000000e+02 6.864396146999065737e-03
6.020000000000000000e+02 6.141946741113627622e-03
6.030000000000000000e+02 5.313300135684153984e-03
6.040000000000000000e+02 4.408405611451625232e-03
6.050000000000000000e+02 3.456999782917863449e-03
6.060000000000000000e+02 2.487819092168887594e-03
6.070000000000000000e+02 1.527898425847851096e-03
6.080000000000000000e+02 6.019687735672359097e-04
6.090000000000000000e+02 -2.680368697889686934e-04
6.100000000000000000e+02 -1.063363854781232886e-03
6.110000000000000000e+02 -1.768700557179132262e-03
6.120000000000000000e+02 -2.372328829037156136e-03
6.130000000000000000e+02 -2.866164736962243439e-03
6.140000000000000000e+02 -3.245696819051863396e-03
6.150000000000000000e+02 -3.509831399266659813e-03
6.160000000000000000e+02 -3.660656362161232406e-03
6.170000000000000000e+02 -3.703136192421479025e-03
6.180000000000000000e+02 -3.644752017786328201e-03
6.190000000000000000e+02 -3.495100869660018161e-03
6.200000000000000000e+02 -3.265468414520954557e-03
6.210000000000000000e+02 -2.968389043475168441e-03
6.220000000000000000e+02 -2.617206478497467736e-03
6.230000000000000000e+02 -2.225647010801158447e-03
6.240000000000000000e+02 -1.807416183400198948e-03
6.250000000000000000e+02 -1.375828223600649661e-03
6.260000000000000000e+02 -9.434758805946756718e-04
6.270000000000000000e+02 -5.219465868162889407e-04
6.280000000000000000e+02 -1.215890954651719318e-04
6.290000000000000000e+02 2.486669967299795655e-04
6.300000000000000000e+02 5.814381049896847915e-04
6.310000000000000000e+02 8.709607134101786385e-04
6.320000000000000000e+02 1.113114867964581185e-03
6.330000000000000000e+02 1.305400574933784572e-03
6.340000000000000000e+02 1.446871611115365741e-03
6.350000000000000000e+02 1.538032077754950206e-03
6.360000000000000000e+02 1.580701637857555297e-03
6.370000000000000000e+02 1.577855766684158620e-03
6.380000000000000000e+02 1.533447524375341174e-03
6.390000000000000000e+02 1.452217339875478243e-03
6.400000000000000000e+02 1.339497093507425801e-03
6.410000000000000000e+02 1.201014422393369878e-03
6.420000000000000000e+02 1.042702672109264246e-03
6.430000000000000000e+02 8.705213051985963985e-04
6.440000000000000000e+02 6.902908792665208996e-04
6.450000000000000000e+02 5.075459513760496432e-04
6.460000000000000000e+02 3.274084778525914873e-04
6.470000000000000000e+02 1.544834845587800818e-04
6.480000000000000000e+02 -7.221994506921251489e-06
6.490000000000000000e+02 -1.543564519758813336e-04
6.500000000000000000e+02 -2.842583408147154400e-04
6.510000000000000000e+02 -3.949684459154734271e-04
6.520000000000000000e+02 -4.852217638036680270e-04
6.530000000000000000e+02 -5.544209016920305247e-04
6.540000000000000000e+02 -6.025933529119758018e-04
6.550000000000000000e+02 -6.303352546400950223e-04
6.560000000000000000e+02 -6.387443870305625554e-04
6.570000000000000000e+02 -6.293452342542525104e-04
6.580000000000000000e+02 -6.040089037439371703e-04
6.590000000000000000e+02 -5.648705983031620907e-04
6.600000000000000000e+02 -5.142471663412918805e-04
6.610000000000000000e+02 -4.545570291535042280e-04
6.620000000000000000e+02 -3.882445123832215634e-04
6.630000000000000000e+02 -3.177103034041320784e-04
6.640000000000000000e+02 -2.452494290927735836e-04
6.650000000000000000e+02 -1.729978106814545398e-04
6.660000000000000000e+02 -1.028881147354832211e-04
6.670000000000000000e+02 -3.661529148993472951e-05
6.680000000000000000e+02 2.438811763955369490e-05
6.690000000000000000e+02 7.896710533580797908e-05
6.700000000000000000e+02 1.262502106900782370e-04
6.710000000000000000e+02 1.656470891429119867e-04
6.720000000000000000e+02 1.968384881206000799e-04
6.730000000000000000e+02 2.197596134271316353e-04
6.740000000000000000e+02 2.345779677204684838e-04
6.750000000000000000e+02 2.416667988962659271e-04
6.760000000000000000e+02 2.415753149431113889e-04
6.770000000000000000e+02 2.349968057563668589e-04
6.780000000000000000e+02 2.227357651814832807e-04
6.790000000000000000e+02 2.056750324493774121e-04
6.800000000000000000e+02 1.847438758038907436e-04
6.810000000000000000e+02 1.608878273612156641e-04
6.820000000000000000e+02 1.350409519959264886e-04
6.830000000000000000e+02 1.081010991365926666e-04
6.840000000000000000e+02 8.090854936804390001e-05
6.850000000000000000e+02 5.422833192841008113e-05
6.860000000000000000e+02 2.873635837477923118e-05
6.870000000000000000e+02 5.009395183475034553e-06
6.880000000000000000e+02 -1.648121339377591653e-05
6.890000000000000000e+02 -3.537225910633098132e-05
6.900000000000000000e+02 -5.140809039787740223e-05
6.910000000000000000e+02 -6.443707788641958340e-05
6.920000000000000000e+02 -7.440551383852801813e-05
6.930000000000000000e+02 -8.134937001343121377e-05
6.940000000000000000e+02 -8.538435779478434091e-05
6.950000000000000000e+02 -8.669473939309641213e-05
6.960000000000000000e+02 -8.552133037607035607e-05
6.970000000000000000e+02 -8.214911342098320626e-05
6.980000000000000000e+02 -7.689485273182365590e-05
6.990000000000000000e+02 -7.009505989805210689e-05
7.000000000000000000e+02 -6.209461702296987325e-05
7.010000000000000000e+02 -5.323631364387928388e-05
7.020000000000000000e+02 -4.385150216790416713e-05
7.030000000000000000e+02 -3.425202401025027334e-05
7.040000000000000000e+02 -2.472350694776910635e-05
7.050000000000000000e+02 -1.552008480783455309e-05
7.060000000000000000e+02 -6.860544710600082590e-06
7.070000000000000000e+02 1.074134341420079182e-06
7.080000000000000000e+02 8.141923922225182105e-06
7.090000000000000000e+02 1.423967251363445726e-05
7.100000000000000000e+02 1.930194289503193661e-05
7.110000000000000000e+02 2.329890597763068782e-05
7.120000000000000000e+02 2.623344860272930909e-05
7.130000000000000000e+02 2.813765915410049859e-05
7.140000000000000000e+02 2.906885577063348145e-05
7.150000000000000000e+02 2.910531801180759175e-05
7.160000000000000000e+02 2.834187464054242124e-05
7.170000000000000000e+02 2.688548842275825294e-05
7.180000000000000000e+02 2.485096421383892372e-05
7.190000000000000000e+02 2.235688983331335396e-05
7.200000000000000000e+02 1.952190103306586196e-05
7.210000000000000000e+02 1.646134292217433029e-05
7.220000000000000000e+02 1.328438115539697021e-05
7.230000000000000000e+02 1.009159759228061590e-05
7.240000000000000000e+02 6.973087486879266699e-06
7.250000000000000000e+02 4.007058991038597738e-06
7.260000000000000000e+02 1.258921179873193336e-06
7.270000000000000000e+02 -1.219165816159614035e-06
7.280000000000000000e+02 -3.388315498562414971e-06
7.290000000000000000e+02 -5.222559746114879763e-06
7.300000000000000000e+02 -6.708164961784642882e-06
7.310000000000000000e+02 -7.842674918476070806e-06
7.320000000000000000e+02 -8.633737517328831382e-06
7.330000000000000000e+02 -9.097772713840839408e-06
7.340000000000000000e+02 -9.258537234190339870e-06
7.350000000000000000e+02 -9.145638625381050454e-06
7.360000000000000000e+02 -8.793046905098334307e-06
7.370000000000000000e+02 -8.237646856291550699e-06
7.380000000000000000e+02 -7.517868103657114257e-06
7.390000000000000000e+02 -6.672423763208902644e-06
7.400000000000000000e+02 -5.739181906790834266e-06
7.410000000000000000e+02 -4.754187545997998119e-06
7.420000000000000000e+02 -3.750846505967259720e-06
7.430000000000000000e+02 -2.759276593321324594e-06
7.440000000000000000e+02 -1.805825999684530851e-06
7.450000000000000000e+02 -9.127540282467109100e-07
7.460000000000000000e+02 -9.806506168702477854e-08
7.470000000000000000e+02 6.245167475176457513e-07
7.480000000000000000e+02 1.245447268710679398e-06
7.490000000000000000e+02 1.759153808829850006e-06
7.500000000000000000e+02 2.163736511389174496e-06
7.510000000000000000e+02 2.460598638310513947e-06
7.520000000000000000e+02 2.654024558636425678e-06
7.530000000000000000e+02 2.750723648014144605e-06
7.540000000000000000e+02 2.759357218050116637e-06
7.550000000000000000e+02 2.690064129943444869e-06
7.560000000000000000e+02 2.553998988751237499e-06
7.570000000000000000e+02 2.362894848721506702e-06
7.580000000000000000e+02 2.128660268372882456e-06
7.590000000000000000e+02 1.863018412863044278e-06
7.600000000000000000e+02 1.577193779893071200e-06
7.610000000000000000e+02 1.281650084665351082e-06
7.620000000000000000e+02 9.858809306071619215e-07
7.630000000000000000e+02 6.982531572069097800e-07
7.640000000000000000e+02 4.259012259269710121e-07
7.650000000000000000e+02 1.746697015228357609e-07
7.660000000000000000e+02 -5.090017833805734394e-08
7.670000000000000000e+02 -2.475446736652567278e-07
7.680000000000000000e+02 -4.132178637196337069e-07
7.690000000000000000e+02 -5.470038841130656853e-07
7.700000000000000000e+02 -6.490069854772464018e-07
7.710000000000000000e+02 -7.202252697149118766e-07
7.720000000000000000e+02 -7.624137423330802258e-07
7.730000000000000000e+02 -7.779419606255632189e-07
7.740000000000000000e+02 -7.696510849380033605e-07
7.750000000000000000e+02 -7.407145815228505828e-07
7.760000000000000000e+02 -6.945062075118256357e-07
7.770000000000000000e+02 -6.344782568310521099e-07
7.780000000000000000e+02 -5.640523839731841981e-07
7.790000000000000000e+02 -4.865246714453921004e-07
7.800000000000000000e+02 -4.049859846214837624e-07
7.810000000000000000e+02 -3.222580797806824162e-07
7.820000000000000000e+02 -2.408454093090984277e-07
7.830000000000000000e+02 -1.629021112316503994e-07
7.840000000000000000e+02 -9.021328426316637344e-08
7.850000000000000000e+02 -2.418933740452013583e-08
7.860000000000000000e+02 3.412803484058351649e-08
7.870000000000000000e+02 8.404986618658444924e-08
7.880000000000000000e+02 1.252156329531184666e-07
7.890000000000000000e+02 1.575624150084734677e-07
7.900000000000000000e+02 1.812892270105312988e-07
7.910000000000000000e+02 1.968181728104399306e-07
7.920000000000000000e+02 2.047539644126572301e-07
7.930000000000000000e+02 2.058432031817251162e-07
7.940000000000000000e+02 2.009346533627035356e-07
7.950000000000000000e+02 1.909415544519020170e-07
7.960000000000000000e+02 1.768068270227885850e-07
7.970000000000000000e+02 1.594718331104342928e-07
7.980000000000000000e+02 1.398491632179360248e-07
7.990000000000000000e+02 1.187997425761300216e-07
8.000000000000000000e+02 9.711438367628123468e-08
8.010000000000000000e+02 7.549976357091875678e-08
8.020000000000000000e+02 5.456867533838261098e-08
8.030000000000000000e+02 3.483429488564208594e-08
8.040000000000000000e+02 1.670811755666290679e-08
8.050000000000000000e+02 5.011537199732410155e-10
8.060000000000000000e+02 -1.357207211104678419e-08
8.070000000000000000e+02 -2.538719929476623631e-08
8.080000000000000000e+02 -3.490187441748251861e-08
8.090000000000000000e+02 -4.214624006418231626e-08
8.100000000000000000e+02 -4.721252754013624649e-08
8.110000000000000000e+02 -5.024417950187045300e-08
8.120000000000000000e+02 -5.142488724577938061e-08
8.130000000000000000e+02 -5.096787992191812559e-08
8.140000000000000000e+02 -4.910575144017211243e-08
8.150000000000000000e+02 -4.608105740037679989e-08
8.160000000000000000e+02 -4.213786088225030567e-08
8.170000000000000000e+02 -3.751435400996035436e-08
8.180000000000000000e+02 -3.243663323499194692e-08
8.190000000000000000e+02 -2.711366136615830908e-08
8.200000000000000000e+02 -2.173340935550722037e-08
8.210000000000000000e+02 -1.646013630263821507e-08
8.220000000000000000e+02 -1.143273740319438413e-08
8.230000000000000000e+02 -6.764066753379966677e-09
8.240000000000000000e+02 -2.541124947970612389e-09
8.250000000000000000e+02 1.174009977554368012e-09
8.260000000000000000e+02 4.342635899891596476e-09
8.270000000000000000e+02 6.947393386634373251e-09
8.280000000000000000e+02 8.989872402936954847e-09
8.290000000000000000e+02 1.048797932719000844e-08
8.300000000000000000e+02 1.147317569586253455e-08
8.310000000000000000e+02 1.198768895019977453e-08
8.320000000000000000e+02 1.208178275720281546e-08
8.330000000000000000e+02 1.181116082150083848e-08
8.340000000000000000e+02 1.123456404021531546e-08
8.350000000000000000e+02 1.041160686606876800e-08
8.360000000000000000e+02 9.400885253511777016e-09
8.370000000000000000e+02 8.258375915647270353e-09
8.380000000000000000e+02 7.036135090537745473e-09
8.390000000000000000e+02 5.781294806825864924e-09
8.400000000000000000e+02 4.535345884972005964e-09
8.410000000000000000e+02 3.333689683033118810e-09
8.420000000000000000e+02 2.205434909084226749e-09
8.430000000000000000e+02 1.173411640731274035e-09
8.440000000000000000e+02 2.543719384647824888e-10
8.450000000000000000e+02 -5.406549971109915060e-10
8.460000000000000000e+02 -1.205885430529553140e-09
8.470000000000000000e+02 -1.740212996196775182e-09
8.480000000000000000e+02 -2.146579809740039081e-09
8.490000000000000000e+02 -2.431314371944831260e-09
8.500000000000000000e+02 -2.603461006237662222e-09
8.510000000000000000e+02 -2.674122362386189453e-09
8.520000000000000000e+02 -2.655833097231337232e-09
8.530000000000000000e+02 -2.561979343436502658e-09
8.540000000000000000e+02 -2.406275118645091250e-09
8.550000000000000000e+02 -2.202303511419312743e-09
8.560000000000000000e+02 -1.963127389669115945e-09
8.570000000000000000e+02 -1.700971576159209934e-09
8.580000000000000000e+02 -1.426975970284979443e-09
8.590000000000000000e+02 -1.151016994858184822e-09
8.600000000000000000e+02 -8.815930248648679342e-10
8.610000000000000000e+02 -6.257681120098312970e-10
8.620000000000000000e+02 -3.891673424699651360e-10
8.630000000000000000e+02 -1.760165339728958045e-10
8.640000000000000000e+02 1.078133730951902994e-11
8.650000000000000000e+02 1.695406246325637957e-10
8.660000000000000000e+02 2.996658513380792888e-10
8.670000000000000000e+02 4.015099351033400482e-10
8.680000000000000000e+02 4.762242601179736248e-10
8.690000000000000000e+02 5.256063763274044292e-10
8.700000000000000000e+02 5.519503393845702897e-10
8.710000000000000000e+02 5.579038946133586048e-10
8.720000000000000000e+02 5.463358848838220370e-10
8.730000000000000000e+02 5.202164534476182699e-10
8.740000000000000000e+02 4.825118416663681123e-10
8.750000000000000000e+02 4.360948668340540127e-10
8.760000000000000000e+02 3.836715211267659692e-10
8.770000000000000000e+02 3.277235690117229771e-10
8.780000000000000000e+02 2.704665431424408881e-10
8.790000000000000000e+02 2.138221502028171948e-10
8.800000000000000000e+02 1.594037975428369939e-10
8.810000000000000000e+02 1.085137353165760691e-10
8.820000000000000000e+02 6.215017157031075150e-11
8.830000000000000000e+02 2.102265204579887878e-11
8.840000000000000000e+02 -1.442600612055096023e-11
8.850000000000000000e+02 -4.399288634028256841e-11
8.860000000000000000e+02 -6.768481412499944284e-11
8.870000000000000000e+02 -8.568630192565688523e-11
8.880000000000000000e+02 -9.832687518137817766e-11
8.890000000000000000e+02 -1.060488849724895699e-10
8.900000000000000000e+02 -1.093767313085936938e-10
8.910000000000000000e+02 -1.088882379215084720e-10
8.920000000000000000e+02 -1.051887405231554162e-10
8.930000000000000000e+02 -9.888828084316268183e-11
8.940000000000000000e+02 -9.058214235029755534e-11
8.950000000000000000e+02 -8.083482334206170376e-11
8.960000000000000000e+02 -7.016742105639070463e-11
8.970000000000000000e+02 -5.904829773832254291e-11
8.980000000000000000e+02 -4.788681651959619600e-11
8.990000000000000000e+02 -3.702987120070802490e-11
9.000000000000000000e+02 -2.676088865924177305e-11
9.010000000000000000e+02 -1.730095429113185740e-11
9.020000000000000000e+02 -8.811697929791884874e-12
9.030000000000000000e+02 -1.399578154965750729e-12
9.040000000000000000e+02 4.878785264348998829e-12
9.050000000000000000e+02 1.001055996307372820e-11
9.060000000000000000e+02 1.402023152762633479e-11
9.070000000000000000e+02 1.696298349533412184e-11
9.080000000000000000e+02 1.891815757092618522e-11
9.090000000000000000e+02 1.998298646092182970e-11
9.100000000000000000e+02 2.026675320412596849e-11
9.110000000000000000e+02 1.988549344823071872e-11
9.120000000000000000e+02 1.895732181346283306e-11
9.130000000000000000e+02 1.759843109310436876e-11
9.140000000000000000e+02 1.591978414932576845e-11
9.150000000000000000e+02 1.402449335046508519e-11
9.160000000000000000e+02 1.200586145859922861e-11
9.170000000000000000e+02 9.946041048429571048e-12
9.180000000000000000e+02 7.915256717036071133e-12
9.190000000000000000e+02 5.971525312885049568e-12
9.200000000000000000e+02 4.160803867156949311e-12
9.210000000000000000e+02 2.517492481750630495e-12
9.220000000000000000e+02 1.065219704242036240e-12
9.230000000000000000e+02 -1.821595340280177129e-13
9.240000000000000000e+02 -1.219418964436515718e-12
9.250000000000000000e+02 -2.048728783146417172e-12
9.260000000000000000e+02 -2.678389209840175507e-12
9.270000000000000000e+02 -3.121575416161813351e-12
9.280000000000000000e+02 -3.395131766654877024e-12
9.290000000000000000e+02 -3.518445654369540520e-12
9.300000000000000000e+02 -3.512423807622233332e-12
9.310000000000000000e+02 -3.398586991710008670e-12
9.320000000000000000e+02 -3.198292681592972416e-12
9.330000000000000000e+02 -2.932089646748256157e-12
9.340000000000000000e+02 -2.619203535247438568e-12
9.350000000000000000e+02 -2.277148502143508289e-12
9.360000000000000000e+02 -1.921456697555384312e-12
9.370000000000000000e+02 -1.565514986068801958e-12
9.380000000000000000e+02 -1.220496563557067084e-12
9.390000000000000000e+02 -8.953741062241817040e-13
9.400000000000000000e+02 -5.970006539094039588e-13
9.410000000000000000e+02 -3.302445124885768338e-13
9.420000000000000000e+02 -9.816497219331316307e-14
9.430000000000000000e+02 9.778350655444159836e-14
9.440000000000000000e+02 2.575298742061640889e-13
9.450000000000000000e+02 3.821577797367868075e-13
9.460000000000000000e+02 4.736781007257441274e-13
9.470000000000000000e+02 5.348098022766917563e-13
9.480000000000000000e+02 5.687747708023392396e-13
9.490000000000000000e+02 5.791108828054152444e-13
9.500000000000000000e+02 5.695062735824991303e-13
9.510000000000000000e+02 5.436565935689658689e-13
9.520000000000000000e+02 5.051459997821727460e-13
9.530000000000000000e+02 4.573517378498789797e-13
9.540000000000000000e+02 4.033714310405750699e-13
9.550000000000000000e+02 3.459716053682401662e-13
9.560000000000000000e+02 2.875555382609908027e-13
9.570000000000000000e+02 2.301482126896782719e-13
9.580000000000000000e+02 1.753959764224941173e-13
9.590000000000000000e+02 1.245784326130833487e-13
9.600000000000000000e+02 7.863010749287811139e-14
9.610000000000000000e+02 3.816953732973569006e-14
9.620000000000000000e+02 3.533574006726488765e-15
9.630000000000000000e+02 -2.518508879058760060e-14
9.640000000000000000e+02 -4.809893300308271799e-14
9.650000000000000000e+02 -6.548668945398830566e-14
9.660000000000000000e+02 -7.775572026290838383e-14
9.670000000000000000e+02 -8.540670768224894638e-14
9.680000000000000000e+02 -8.900140132477969516e-14
9.690000000000000000e+02 -8.913394748707490574e-14
9.700000000000000000e+02 -8.640611768120854712e-14
9.710000000000000000e+02 -8.140657170382716094e-14
9.720000000000000000e+02 -7.469413538135700972e-14
9.730000000000000000e+02 -6.678494513138877854e-14
9.740000000000000000e+02 -5.814321026771959554e-14
9.750000000000000000e+02 -4.917526832334792406e-14
9.760000000000000000e+02 -4.022655670450362666e-14
9.770000000000000000e+02 -3.158109338246299253e-14
9.780000000000000000e+02 -2.346304742965597202e-14
9.790000000000000000e+02 -1.603998419377218297e-14
9.800000000000000000e+02 -9.427386912854350503e-15
9.810000000000000000e+02 -3.694083797726870847e-15
9.820000000000000000e+02 1.131755620798141138e-15
9.830000000000000000e+02 5.056351223391511814e-15
9.840000000000000000e+02 8.114023714388879100e-15
9.850000000000000000e+02 1.036109661459042825e-14
9.860000000000000000e+02 1.187015569334392890e-14
9.870000000000000000e+02 1.272479163712433412e-14
9.880000000000000000e+02 1.301491369419953419e-14
9.890000000000000000e+02 1.283268772687847532e-14
9.900000000000000000e+02 1.226912203464521661e-14
9.910000000000000000e+02 1.141129874607220958e-14
9.920000000000000000e+02 1.034022758064118934e-14
9.930000000000000000e+02 9.129282254501640574e-15
9.940000000000000000e+02 7.843167514873964933e-15
9.950000000000000000e+02 6.537356402499440351e-15
9.960000000000000000e+02 5.257932453682829656e-15
9.970000000000000000e+02 4.041769710150203312e-15
9.980000000000000000e+02 2.916984130344971207e-15
9.990000000000000000e+02 1.903592811293278804e-15
1.000000000000000000e+03 1.014321871113905659e-15
